86.6625
59.0437
35.1375
28.4125
84.0812
78.3187
145.325
33.1375
31.8875
107.694
18.7125
149.425
35.9875
114.025
99.5438
66.2437
28.1875
25.2875
122.225
125.725
59.7437
34.4125
73.0062
75.2938
117.613
80.0812
152.925
28.6625
139.825
34.8375
60.3437
62.2937
111.075
67.4062
46.1562
156.262
26.2875
116.037
53.45
20.7875
31.2688
89.7875
22.4375
23.9375
12.2375
22.7125
42.7562
84.0187
42.7562
89.8125
127.181
62.8937
66.7562
40.4125
150.475
164.575
26.3625
21.5688
122.825
41.8875
109.056
47.6062
96.6937
80.3188
60.6562
51.4625
138.025
74.6625
114.069
192.969
191.319
32.3375
130.569
33.2375
152.306
56.9437
50.55
27.6875
108.775
34.6625
57.4437
32.8813
95.725
104.862
59.7437
87.9875
136.544
115.306
41.0125
41.2875
141.925
109.044
179.2
93.65
113.975
84.0312
105.644
176.513
54.35
20.9188
34.7125
20.6187
104.019
140.975
25.1875
101.831
25.9187
38.7562
89.1188
57.3562
75.1688
47.15
109.488
128.375
30.325
20.2875
108.694
29.8375
127.175
38.2688
31.8125
106.106
93.775
100.344
54.9437
19.0688
9.61875
33.6625
114.025
16.3188
180.65
106.875
134.631
46.3438
142.594
150.35
36.6375
80.6688
59.6437
90.25
84.8187
86.5187
177.825
48.7062
70.3688
122.225
104.356
34.4625
146.725
164.775
21.975
187.238
17.4187
32.7875
80.0812
122.319
84.2812
75.3562
135.175
173.862
88.4875
70.15
176.969
85.7938
25.4125
86.3187
101.331
160.106
30.4875
89.3125
154.262
97.5062
229.637
173.175
127.075
81.7188
105.075
112.631
38.55
79.525
68.8125
82.6875
21.7125
38.2375
166.513
79.9937
82.8937
126.275
45.2562
85.4687
25.4438
26.3875
127.819
84.45
108.175
188.931
72.1625
16.7125
25.5125
21.2688
125.025
102.725
132.575
165.15
67.6125
160.856
118.663
144.681
39.9312
56.8375
177.444
90.9813
182.438
85.8938
66.7
24.0312
37.3125
93.0812
134.862
103.194
164.338
139.081
122.969
35.7875
46.3937
48.9625
48.6438
93.6875
43.0625
95.1125
84.6
50.2375
130.981
153.506
43.3625
212.331
118.069
51.175
127.975
26.925
102.819
186.069
18.6187
44.5438
117.844
20.7125
162.069
68.1437
197.288
19.1187
111.669
108.638
156.456
104.044
136.669
109.888
39.4562
96.2313
161.25
76.1688
69.3563
26.1125
73.2938
122.844
54.1125
19.8625
25.1875
182.6
17.6812
167.306
171.944
151.1
50.2812
161.7
65.6562
173.544
148.013
28.1375
47.4375
50.1562
48.8375
68.7687
160.425
158.637
100.262
98.0625
15.475
33.1875
86.725
84.125
56.1812
84.9375
23.2875
62.9688
135.631
66.2125
84.6625
47.4188
150.694
49.7188
43.8812
143.162
19.0187
68.0312
23.475
177.363
40.5375
24.6187
135.594
54.9437
160.069
93.9
37.6625
71.3063
7.61875
197.288
94.8062
89.2
110.287
155.469
143.05
36.7687
158.619
85.575
184.869
97.0125
110.969
31.9438
112.406
168.1
172.287
203.25
108.588
61.0437
194.144
19.2875
51.1437
39.025
45.85
84.0687
158.425
37.8125
178.031
38.4937
146.625
157.469
132.456
66.2437
138.544
23.5688
41.025
24.475
126.025
24.9688
19.475
133.031
35.7875
120.062
220.4
91.775
75.4625
200.838
76.4938
28.4875
85.0563
67.5125
160.744
171.663
57.35
45.3125
82.875
119.963
134.144
81.3
101.531
87.35
139.744
128.469
116.069
74.6125
144.05
180.062
62.625
87.375
149.081
38.1938
169.488
143.488
115.531
159.8
145.287
80.4437
85.0687
152.575
181.506
82.8687
158.75
56.1813
78.4437
32.0375
48.1375
108.644
103.425
113.556
48.0562
29.125
23.3
44.8125
148.919
45.675
124.575
110.65
164.169
138.325
49.7625
178.513
74.45
29.775
29.575
44.2813
60.4687
113.819
84.8875
34.1562
135.756
29.675
145.056
46.7688
141.081
46.9125
118.656
40.7875
60.75
162.631
204.062
36.2937
43.675
85.3187
46.7625
117.5
164.438
22.1875
58.5813
115.269
87.5187
125.894
54.2
52.725
36.1563
84.7375
88.7625
118.494
116.569
65.9187
76.4125
24.5187
161.844
103.169
37.4562
98.4188
61.6375
25.9187
73.5875
131.113
125.512
26.2688
22.5188
178.975
150.869
79.4625
170.194
76.875
115.025
206.413
115.825
49.2125
76.5438
175.119
174.137
53.2125
130.2
182
29.5375
42.4875
36.7062
114.619
68.1813
97.2312
144.338
151.681
42.9938
81.8563
34.4937
183.231
17.4688
136.5
29.7563
32.625
73.0687
24.0187
53.45
38.5
125.419
122.919
16.65
26.5688
46.2313
209.369
38.8375
96.7
122.044
66.2313
161.331
163.494
23.5688
167.425
182.719
182.213
70.85
114.5
96.9313
108.7
140.419
42.5438
18.3188
129.706
168.369
45.8188
58.3062
50.4375
123.569
211.906
31.4687
101.844
23.625
61.8375
107.681
22.4062
164.725
163.862
73.3813
96.6375
145.625
178.45
73.0187
37.4062
55.9125
132.269
17.1187
24.2688
131.525
149.787
178.762
133.319
103.962
147.738
156.962
79.0312
94.6375
89.0062
165.438
119.544
179.981
181.256
128.494
179.381
167.231
12.3187
77.525
70.6688
94.6875
42.5375
72.375
48.4188
45.0125
162.188
110.269
79.5125
45.6313
96
34.7938
22.5
137.887
164.581
136.95
109.213
74.9937
74.875
37.9875
152.556
192.85
162.938
36.6688
65.0625
75.6937
108.431
63.1688
18.1187
37.4
84.4062
30.4188
39.2938
112.169
96.5438
28.275
35.1938
186.875
27.3688
120.088
93.2688
94.5562
66.9313
128.606
97.3188
211.894
107.375
34.5063
83.8812
101.131
112.263
