501
572
580
696
776
816
490
168
769
528
689
192
775
758
477
551
211
683
878
348
625
525
50
554
401
217
431
484
324
195
363
670
526
597
104
21
332
247
785
751
617
256
400
649
657
753
851
826
636
557
362
272
182
589
759
393
378
115
117
567
399
643
665
54
729
197
825
571
98
768
302
444
145
642
883
805
618
119
136
293
305
701
765
820
467
739
839
152
591
627
459
865
44
575
325
89
466
301
668
246
125
719
754
662
174
801
144
296
69
413
854
388
42
230
375
282
20
337
433
667
7
209
888
797
693
863
321
1
687
313
39
730
582
738
255
824
757
87
843
892
266
553
704
778
448
887
202
345
461
372
121
242
408
574
398
470
297
10
409
561
73
111
112
156
434
181
456
692
335
471
880
6
523
162
37
154
504
521
550
387
190
294
615
141
318
832
79
290
638
569
252
279
660
899
96
331
705
47
184
41
637
170
286
894
410
201
60
764
640
686
343
177
560
216
160
261
167
793
810
621
780
809
815
188
287
641
502
364
548
275
326
741
450
743
685
31
48
586
489
663
709
796
822
827
565
124
897
612
703
848
70
669
804
74
43
885
749
844
244
333
354
198
503
666
578
353
545
821
130
750
210
875
742
482
546
790
800
622
774
673
702
71
543
819
15
223
40
238
486
542
81
320
49
334
389
315
165
817
544
791
697
499
611
200
876
253
52
281
248
792
446
674
857
338
66
394
507
690
862
453
132
524
694
889
402
221
534
842
439
840
830
539
556
634
529
254
770
584
432
369
58
377
158
834
552
204
856
608
737
711
681
194
893
259
62
114
78
590
179
483
890
515
131
712
383
418
606
807
808
86
368
417
540
789
291
17
9
706
658
322
447
811
134
519
135
762
358
183
336
85
677
646
106
651
371
415
258
243
505
64
265
573
349
403
861
623
396
680
866
464
522
779
755
599
45
882
635
53
151
555
264
867
460
185
864
424
308
317
208
93
631
495
645
576
595
207
137
199
203
733
405
837
568
150
310
420
205
312
672
476
846
25
707
218
896
535
186
5
102
794
249
485
613
33
462
454
605
26
219
452
366
142
517
222
299
858
245
492
416
88
652
351
191
619
700
171
659
500
829
788
339
24
235
592
367
298
497
193
32
516
562
213
620
161
688
723
438
27
288
234
853
579
814
274
391
220
382
847
831
884
228
108
146
449
836
787
239
107
564
734
16
498
105
845
767
437
4
51
717
547
664
559
277
426
435
596
478
187
215
103
870
225
860
886
30
270
874
895
650
289
101
14
11
443
379
233
176
732
251
323
173
120
376
587
494
533
75
8
395
744
224
488
385
172
159
558
263
656
269
510
404
871
458
806
59
782
374
849
250
812
359
475
206
397
710
577
852
328
94
600
647
67
240
537
518
632
472
795
771
536
341
624
602
766
422
92
229
128
65
429
773
61
390
616
262
268
566
82
340
370
430
283
756
436
698
344
311
869
163
455
661
629
68
365
411
12
777
118
781
891
100
126
783
384
226
479
28
29
671
36
508
304
593
715
881
153
603
330
166
675
451
34
280
314
357
127
850
23
267
520
445
84
630
614
278
799
506
427
35
169
380
714
342
180
818
835
746
678
19
99
319
356
72
412
55
80
350
110
877
307
872
898
123
633
113
360
509
77
148
654
713
346
607
236
480
628
598
406
721
763
428
735
97
419
833
164
823
138
784
473
532
407
549
481
46
231
803
648
727
745
347
655
726
386
761
381
736
682
644
316
626
752
260
212
178
722
873
563
772
276
601
798
196
541
284
859
355
583
653
13
423
95
214
295
527
585
63
303
474
241
271
232
538
157
414
868
83
610
149
512
699
748
189
257
716
392
227
469
329
684
285
109
76
306
457
468
143
361
3
581
237
140
802
38
679
594
841
813
441
155
116
22
496
570
2
133
465
513
0
352
57
604
588
425
139
147
175
879
747
691
760
511
56
487
493
740
695
273
440
421
122
639
373
91
129
720
731
724
514
728
828
718
491
725
292
676
531
609
327
442
309
708
838
463
530
90
786
18
300
855
