4969
5975
5285
4133
4601
4093
99
8550
1951
362
7175
7765
5138
2982
3583
5044
5688
621
4121
2391
8745
5112
190
1889
797
1802
8559
832
5371
5615
7465
128
5320
7486
8224
3015
2678
3073
941
4326
1482
5425
6228
4245
5140
3556
6967
382
4889
8542
7326
8934
7371
7596
8519
4769
6865
1279
7928
5959
2708
8445
6569
7881
3293
5344
958
3286
2381
5085
2801
1457
811
3453
5652
4198
8192
6266
303
7324
4617
3362
6542
3986
4208
5904
8829
859
7041
910
4223
4630
1658
1244
3599
1760
2066
7310
7551
8462
2807
6627
3270
3458
8398
4611
4774
7790
4079
8926
6956
1763
6064
2049
4991
3837
2771
5240
6007
3712
7839
8474
8704
5973
2578
2294
379
7811
1196
4759
4974
1288
2021
2894
6431
8484
4348
7752
7177
247
3173
442
8300
7988
1320
7842
8801
1306
3860
4647
1656
8698
1356
6152
560
6630
1719
7182
7754
4708
6143
3594
1630
4856
5647
6127
4140
2475
3795
5055
332
4645
1818
1869
311
3993
4233
5547
2020
6926
2965
2596
5968
5838
1063
1257
2523
4107
8376
7960
4653
5707
948
204
5246
2344
1321
8427
2072
6878
1185
2086
8459
7284
3149
5995
7073
2572
360
2841
8126
424
2246
62
4441
6122
4806
1238
4517
8254
1233
3200
4046
6001
8845
422
435
2369
7493
6323
1831
108
2925
7782
4018
25
223
1108
441
5464
1468
675
1372
2109
8920
7645
8373
8818
1259
5852
2580
3492
6626
8564
3604
8914
1
339
5045
6839
5046
4573
818
5857
6761
182
4297
7458
1323
2520
8839
746
2039
897
6258
5597
651
6426
2494
5302
4495
3945
8824
4988
5383
3372
3343
7265
6844
2265
6462
6278
793
2264
7292
3354
6977
6294
816
3582
446
7113
6135
4676
7557
6172
2777
7796
4432
229
8666
660
148
3141
7345
4282
8808
7885
4878
6116
8137
3340
707
1521
5173
6336
5563
8624
6657
2108
4418
7734
1328
5095
412
5459
5497
4554
5862
7018
8710
2293
123
8600
8887
7876
1676
1352
5417
8205
927
1855
4652
7162
3290
4595
5626
6212
1650
1678
6221
3641
3314
1091
874
4062
3678
6189
2169
5929
8949
5393
6332
2575
2247
7934
2912
5183
6828
477
6188
959
2647
7942
5399
489
8651
3051
1558
4089
215
1689
5426
7688
2691
2068
2042
7279
235
8435
165
3826
2623
5948
3195
6809
712
2903
2361
2989
6091
1165
86
1698
6726
1033
3543
3423
7879
8515
3546
1596
631
963
4548
2665
4506
6855
4289
5542
5257
7173
2740
1566
5135
2426
5070
3344
1014
694
2078
2657
4937
3005
1157
646
8599
5761
4330
4352
891
2158
2822
4207
5704
4762
6911
5825
8019
8647
1099
8158
7398
5489
5754
8430
2347
7624
5384
3569
474
7337
4977
3669
5244
7996
5763
322
7697
2668
5016
2600
6484
1505
1035
4144
4322
6834
7637
3528
7898
5501
886
7743
7176
8053
1575
5892
2792
6551
7973
757
5659
4050
3529
8163
703
230
1167
8642
1705
8341
2491
3117
1545
4850
553
7369
4333
2677
3788
238
6363
8052
3010
2493
5158
1659
7791
8903
8762
5683
450
8330
7695
3754
580
8510
7472
918
4734
6194
4171
5664
292
1332
7937
4020
461
5912
7066
6420
4206
4825
1345
5850
3335
6838
109
5287
3592
5174
2239
6300
30
3587
5217
335
3085
1226
5477
4168
3487
955
6341
3797
5996
1502
7261
7051
6832
4294
1133
7670
6444
453
5891
7968
3342
183
6190
607
602
5807
2505
8429
70
5953
5956
7717
8869
4398
5369
4002
8750
3640
5633
1978
6429
3315
4132
5525
2748
8200
4292
2509
8547
2136
506
4038
2888
6144
8615
5002
4216
8862
2310
7024
6762
8441
5918
8178
1325
1178
1216
6327
8598
2288
1285
7852
6973
5961
3441
4438
7906
7123
5491
3831
2053
5922
6348
6093
8035
4689
2181
6041
5610
1971
6465
3600
7884
5802
1359
7440
3341
8332
4442
4341
8044
1481
1203
7798
2601
2412
7376
5208
5587
3035
1509
7475
6698
2170
8961
4998
3390
3003
5568
4707
2773
4102
5917
8886
8046
1850
8106
3047
7546
4794
4657
2452
3153
6202
1070
7276
8417
1302
8320
5702
6014
2232
7039
3905
5928
374
7683
1379
2154
3398
1708
8419
1385
6261
8087
7817
2997
6390
4036
8289
5723
4672
1623
8660
1530
2871
5660
7508
4505
1712
2820
1766
7318
2187
6000
5022
7490
119
7160
2417
8011
2886
3415
6617
8652
1587
90
6825
1220
2819
7061
5296
7930
3296
6117
1450
3898
4659
8569
8541
3310
237
7270
4753
1511
3954
1101
5295
3602
6597
319
8800
4269
7636
8175
89
5266
1758
4166
2619
864
6724
2775
2363
7267
532
1123
6757
2279
4790
8118
1472
7342
7190
4624
5724
7226
6594
7730
4552
862
7781
5165
6454
1452
4296
8799
177
8073
2956
554
8921
1272
4615
4115
2060
1957
2878
1932
8601
2966
6642
544
5014
4041
8558
5720
7941
924
3076
8246
8665
3782
5698
6467
2484
8663
2513
4870
2672
6937
3165
7036
5223
4058
6463
1486
7077
2202
741
1464
606
6094
8689
7689
719
5955
4715
1373
8003
1061
3685
1032
8854
1024
1586
3972
3089
4628
3046
4892
5389
7849
6446
949
666
5823
7268
4560
8879
6742
2608
4192
2778
8375
4147
1696
4488
8503
1239
7673
4545
5588
3359
3470
3500
3545
4219
5123
647
1776
893
1362
4412
5113
2613
3150
1921
7332
785
2629
449
4725
5012
2703
2058
2440
3853
547
8656
1176
2607
8565
4526
3834
7163
519
3212
3189
3055
1347
3674
6765
6526
2626
4414
4250
5781
5620
6718
8337
708
3358
5732
6419
5743
6415
7651
5908
3732
7396
6030
7340
7023
1822
7705
4534
4101
3593
991
6146
5516
7433
7227
8063
1130
7307
7180
8864
6445
4749
4834
498
3466
3144
7779
431
3371
2409
7866
1731
8024
1289
6110
1082
4054
7015
6291
5506
1115
2302
7952
2252
7509
4439
5883
4836
8761
6233
8013
3493
6509
1843
1528
6771
5592
3178
4865
2685
6675
308
8596
2679
4857
359
8127
5849
2779
6073
1700
3431
7728
1917
3930
5737
8413
6647
4646
5181
7293
1754
8859
4648
1175
6775
2906
5740
7148
7124
5336
5888
3278
8353
66
7977
6242
6131
2723
7108
1263
6252
7362
2121
6835
4979
351
1568
5310
3730
617
5130
2389
7917
294
4244
6516
2861
6660
551
4344
484
7194
3378
1945
3687
3768
4696
2620
6292
562
789
4105
2849
8588
4368
6185
8531
2434
8658
6346
117
3842
112
8546
6343
5337
5535
1537
2585
6184
6368
7093
6685
710
5374
176
7506
8853
804
6448
984
1067
2895
8871
7913
5978
4337
5239
6204
7205
4763
4508
3416
5205
6210
122
4543
1169
1962
8245
469
2548
2454
3819
7304
5026
5423
6392
6340
2127
6180
5674
3634
1228
1525
3854
5317
8769
1485
7243
4800
884
6736
4951
1922
50
4120
2741
7847
4363
7805
2233
7309
1365
2459
5725
528
6604
3480
3759
1809
3701
2398
5157
195
4873
1828
733
3813
1015
5530
7417
1003
2378
5982
3649
316
5035
5127
6123
3380
6612
535
216
4978
2986
3895
7329
5201
3049
7447
8199
8457
6880
4205
4434
3020
1448
853
1462
1976
6084
6731
80
3197
7686
6605
334
2229
7854
8207
5831
7986
7191
7561
2272
6682
6636
470
7189
5253
6107
2349
8790
2438
3751
4413
3811
3043
5206
6200
2866
3851
5661
8846
3915
8238
8633
91
3172
681
3680
3006
8681
4704
5787
3016
5541
6385
5333
3822
4321
1561
4162
8612
3947
4911
629
8965
7571
7812
5154
1184
863
8943
1287
6886
2772
8530
653
1549
2298
1077
5716
2071
121
3671
8133
726
5594
6890
6593
6109
7090
3984
3090
3619
1621
7013
990
3350
3095
3313
1724
1243
7738
4948
5736
7037
4466
8383
354
4820
6744
5286
4382
3385
7511
2612
7294
8892
6197
6331
3080
1022
5170
7910
2809
2729
1055
3726
6289
2933
3494
3475
3992
4817
232
742
7165
894
6100
550
4477
8909
1166
6165
7236
5224
2883
7483
2254
6888
6379
7747
8723
4291
2274
2097
3998
2002
7103
658
2503
5784
7192
4717
2190
6870
2145
5061
4777
6580
2088
3781
3579
329
4936
2501
3428
8865
370
8040
2266
4156
4903
6583
527
5148
213
8527
5248
7783
1880
3885
6985
3345
4003
1283
2724
5082
3735
2853
6354
8608
7630
6048
2847
1028
4179
7923
1116
2867
8973
509
8695
1992
8616
945
2716
2449
4823
5325
3288
4758
7204
3733
6022
4555
7336
8757
8904
7043
6068
7079
3412
2732
8006
5855
2075
5332
3765
922
620
115
2130
2179
6114
1221
6089
3064
228
2538
7351
2336
4142
1798
4728
1510
5328
788
1592
5746
3056
552
6769
5465
524
7403
5745
326
5545
3407
6522
1838
7853
5894
923
8232
5453
2844
7833
975
6616
179
4076
8848
4334
6003
4397
4732
7966
4243
5797
3121
1915
5435
6338
7349
3573
6669
4528
7889
4984
2001
1671
7823
4626
5355
6842
5944
7943
5118
61
7368
1654
1335
8075
5905
8724
5039
7203
5262
6521
4402
1633
2999
2035
5215
1863
7062
1154
6231
7718
4525
7762
6815
3549
6344
4427
1001
1350
259
4884
4044
4129
7946
7872
8264
5669
4971
7397
2742
8177
3900
3848
5343
1899
4521
8603
1851
8265
1947
59
3511
4070
421
671
6037
68
6230
3075
915
940
4496
3696
1377
452
1396
7389
4118
102
2934
6192
493
5323
3877
48
794
5319
8285
1691
8795
3052
6324
8085
7253
3677
2217
350
8915
6931
7507
2427
3305
6220
8727
8987
3949
4843
3563
423
7485
8979
4853
5256
4582
1441
4258
2089
8776
895
3198
4736
8468
2487
512
4918
6169
2178
4096
626
7157
1479
5430
3783
4914
1625
1557
3184
1351
1062
4842
5789
2972
8230
747
3180
338
8165
4883
3515
3491
8672
2909
4669
399
2559
8511
409
5134
5379
7266
4113
460
4814
1833
3037
996
6038
4591
346
5410
571
8054
7771
4690
6559
5406
6515
7809
6784
937
713
1907
4421
1890
5010
174
5245
6740
7538
5373
1446
1229
5353
6910
8823
2787
2927
4409
1031
8697
6897
2784
14
2160
1952
7533
7366
4389
7193
8730
2370
8093
6134
3202
6703
7121
8699
7733
5265
8450
4485
6428
456
4629
1704
1455
8996
3832
2556
1761
8522
8937
5446
8171
5680
6934
7047
1187
4501
3079
4900
1859
7570
6962
5236
8356
3388
4248
5990
6457
1012
7069
1095
4987
468
8357
5824
2261
1117
4057
7314
1151
3054
5454
3614
1433
4182
4191
3059
8446
8074
2726
4580
5657
4308
1690
1387
1300
7404
5544
721
5992
3892
5759
5056
4964
7591
2923
6325
3744
737
390
7331
6921
6051
8984
1645
5576
7027
4318
7323
2803
1439
4638
5911
6613
3893
4097
1132
2317
4799
7662
2702
5950
799
3413
8969
4010
8273
7893
5
2334
5804
8985
1799
2506
28
6017
7418
6349
1770
8444
2527
1249
7100
6045
2018
3363
8385
1904
8240
5783
7610
6236
6074
8784
987
1397
2362
8548
2183
5311
4049
1317
8581
6225
5058
2343
7633
4917
3570
239
8374
7278
5881
8827
4684
3578
264
2451
7914
3210
3167
4163
6974
8806
5259
7915
7585
6
4306
5869
8108
6057
4029
1310
3175
1699
1079
2367
4123
1122
8306
7643
6442
6599
920
1998
1090
709
8198
5106
3284
5635
4594
5088
214
6256
261
4390
2330
8929
4510
2309
5673
1424
5247
2673
5492
5564
6975
6935
7995
5136
5028
6846
2351
993
381
5916
2530
5271
5940
1781
600
5915
3774
4474
3651
1730
6806
7322
5431
7609
6335
6681
6802
1647
7172
3259
6386
6262
939
6011
8452
8397
6383
5293
8191
1643
1125
3632
1357
3863
8101
7761
1071
7237
3130
226
2869
7845
2593
507
598
8966
3018
3994
321
1248
4465
3163
4220
985
538
4298
7202
8693
7469
1182
8079
1664
4443
7723
4401
2914
1980
4486
3875
2319
4986
5529
8545
6887
970
5232
3914
7251
3697
314
2313
7822
5876
6644
5156
1839
8772
4078
8613
3322
643
8128
6044
7632
1280
3194
4633
639
7953
6047
2256
8998
49
1738
4153
3991
569
4460
635
3000
1084
1801
2346
8233
2996
310
7185
3019
6632
7081
4462
3799
376
5971
4796
7505
4530
7388
5199
1553
1739
6441
3154
2275
1503
5638
8954
5603
6847
7598
1430
6665
8748
4104
3187
5644
8679
4456
2435
3872
3776
7904
7179
220
6634
5629
2106
8072
7295
3942
951
1142
4499
2415
695
979
1819
5622
6690
6764
1994
8908
1981
4083
1815
7385
2654
4194
4007
6191
2870
8349
3240
6480
5486
570
5190
6598
2804
2164
4744
5433
8543
716
656
1538
455
7903
8736
4571
2359
5092
6506
6365
273
1250
5979
2166
5600
1565
4463
847
764
4542
7829
1936
388
700
3957
6671
2255
6371
3806
1453
22
3282
1752
7920
4994
7870
5630
7017
6500
5859
6737
8276
5880
568
3247
5117
6990
8928
8982
8573
1470
5801
6766
2231
8478
883
4674
2699
4452
5303
7125
4703
6776
3355
5527
7213
6035
3990
6478
4358
3946
4264
5656
6183
4188
8407
1045
4968
7451
6892
8883
3786
462
1208
6723
906
814
7071
6111
8691
2915
6288
3952
8148
2656
4300
6989
416
4504
6550
7327
5599
7384
6624
3974
683
2329
8392
1141
4710
4087
6061
5289
1496
2289
3082
942
8570
7479
8532
1080
4737
8552
285
6517
8423
3062
3978
7087
459
1609
3798
5356
8089
8283
3707
3485
4685
3648
4940
191
7979
3939
3777
135
2815
584
8345
8176
5499
8986
7457
8186
3630
8812
6727
8840
3843
6800
6696
6486
6686
5261
7565
4616
4150
4335
6994
8752
851
2258
1562
6387
5189
4295
1214
7980
6978
3924
5845
3636
3419
4745
4487
3980
3901
8718
7181
8167
7586
8942
8703
7642
6440
3920
8010
8638
341
2268
4015
6366
2882
252
7092
4180
919
7990
502
2624
158
2542
3142
5396
3490
2499
2579
426
7139
6961
5380
8634
5330
3093
4860
3439
6568
5155
3057
1058
7902
5970
5686
7579
6751
7038
2675
7555
7678
3552
2010
4662
812
6495
8631
1885
7939
7235
767
5128
6399
1240
7171
5540
4904
8071
1367
163
2137
4805
4849
5814
7824
1477
1735
3591
3373
3894
2055
6923
8426
624
3074
5749
2
2992
1729
116
5064
5472
7922
1602
8978
4033
7758
402
8250
7868
7020
8754
6768
4655
8995
132
5378
8307
8713
5033
8458
7613
2788
2762
4475
8932
7766
5342
8868
4343
6754
7564
4588
240
1231
5860
4017
2450
1841
3131
2094
5994
8336
5989
8832
3708
4861
5419
1878
954
7650
4122
5766
6069
7785
1152
4663
401
1727
7218
1301
1383
1298
6177
2782
1649
7480
1389
520
1093
8267
6240
3960
6579
5870
4767
2125
7834
6906
8555
6790
7050
286
8607
7675
6925
1943
856
5326
3717
662
1194
6273
5987
4776
756
8064
5390
7495
5439
7184
5278
7464
2050
364
6451
5682
6239
289
8551
2373
7299
7672
3451
4425
3997
1402
7719
1541
6960
4756
1327
4719
5748
758
8088
4642
6625
4893
167
5951
100
4981
8144
5751
6633
1896
7221
5813
4945
32
5429
2189
2902
7864
3067
6804
8590
3878
6996
2958
2858
1518
1265
5243
7549
5334
1595
729
1670
8577
4520
4885
7096
3665
4668
6680
518
2733
7772
4342
4386
6606
1207
2879
79
3191
3864
3804
1660
5341
1865
8512
6158
2855
8255
6033
6884
2471
6082
7488
1995
3110
4516
6885
8645
3456
680
8026
307
8563
444
5001
1114
1722
7334
6259
4515
6393
5292
1973
1954
1544
7076
1948
7620
2812
2826
998
3757
8714
555
3395
94
4713
5706
6396
2388
5126
1745
4484
1600
667
2139
1773
7708
6876
8021
6436
2141
8654
7958
1555
7107
8316
4934
7231
1224
7408
6138
6314
3258
3299
6818
6607
58
8219
4423
3723
7346
383
7961
1097
5752
8671
1495
432
8501
8506
6279
7736
6929
5301
875
4073
4052
4366
1756
2128
593
5639
2816
7965
5466
1950
6914
5589
5848
3802
2003
2824
1057
8680
67
2531
304
7916
8120
1512
7225
6009
3291
1103
8002
6589
8350
2404
481
1493
324
337
6628
2095
7423
1876
3935
8209
290
6469
5868
2919
8950
8020
7437
7462
7301
2059
2688
96
6483
2149
1437
3729
6600
5744
6029
3700
4637
3108
3192
325
4473
7657
4241
2407
997
4535
5528
3951
7569
6578
8460
1674
1990
2016
529
3042
5195
1134
3196
4130
6643
7436
6856
6735
8359
1803
2830
2758
7810
3356
610
4259
3868
3266
6482
8560
4354
4404
590
740
5882
4895
3230
690
7573
983
8534
380
6208
5569
1673
5836
7680
7395
3653
7735
1615
7562
4407
831
1594
1924
8618
8259
2649
164
3501
2447
840
2693
4909
3881
4955
1721
5415
878
4483
188
7552
7283
2340
3377
166
6219
3961
4022
8793
3817
4533
7581
6025
2433
384
8227
6359
3160
3886
540
1118
2486
1942
1725
6679
1881
2805
7315
1784
219
268
2023
4075
6103
649
2759
4173
6244
6097
591
1392
2157
2652
1299
1494
2474
4183
5483
7427
87
2766
1790
5907
3828
7911
1089
4290
3248
1767
6789
7001
7026
7166
3381
4185
2971
429
8536
8164
4862
2662
2215
3827
5666
1052
4429
5398
1421
1515
189
8027
5163
3859
2171
873
1616
3053
8038
5827
4636
6816
511
367
8077
8000
2577
69
3157
974
4324
7639
126
8990
5640
1419
7606
6623
78
8858
8477
8916
3647
5450
8092
4230
2848
8657
7753
8433
4512
2090
3603
6414
896
6692
7415
7880
5735
2375
4810
6725
5769
8617
6531
652
2719
6159
6514
5572
3101
8549
4705
7703
8491
2793
6198
2210
2206
4603
1579
3869
8324
8168
29
2633
5662
77
4809
1836
641
396
7080
4379
2825
5023
2946
1260
5327
1467
8948
8194
4126
5887
6077
1020
5074
6472
4541
6763
6573
7383
6049
1487
3862
3222
4014
7481
5480
6938
1807
6565
4989
778
4723
5238
3455
3767
7257
7820
964
185
3078
534
7154
2155
7522
2376
7110
1774
2671
7932
6296
1013
3271
3911
8796
7740
5473
4784
1548
5627
2780
6857
8729
107
7394
2715
8048
3710
6861
2400
8326
33
4574
751
7321
5081
6056
2632
6382
5558
6377
8716
7970
4225
6553
1034
7804
6547
8304
3884
8031
5833
3956
3147
5933
2119
3772
4178
4367
3242
4714
2041
4667
5711
7676
7825
8517
2014
8355
3209
3120
8123
4600
2115
3050
197
6653
6927
592
7009
3971
8674
5779
8189
3531
2345
1535
8270
1273
6085
754
5034
1780
7786
5604
2704
2648
3544
4086
1606
5403
4854
1661
4639
5441
8964
7706
3537
6879
6031
6556
3520
7492
2168
689
6713
7869
4840
5340
3861
8641
2918
967
7494
2795
6281
5321
2904
6401
8312
4210
3588
133
921
1641
6260
1667
986
5758
6015
1200
209
5906
3424
7843
7515
6949
2365
1747
8820
2384
6913
2664
6561
405
3138
5193
888
8719
7584
5584
6785
1608
4422
1618
5185
766
8963
6443
2257
5943
6829
7859
7856
4635
2069
3252
3917
5923
3721
283
3370
2031
1267
5025
953
718
1979
8742
622
8831
6470
2107
2995
3221
4231
7729
8007
2278
8223
826
8587
1840
4729
8424
2047
1041
3909
6909
8516
7846
7588
3670
4373
3326
8971
5167
4268
2084
7000
8953
4157
1578
3227
1427
2757
5110
3294
4907
7530
514
7439
4042
1682
2630
8905
1174
596
440
7602
3508
8523
143
7363
7997
8242
7138
5977
5820
1529
6026
2544
6968
3269
2936
1964
6374
7109
8526
6187
1875
6229
4579
2892
6729
3664
3438
7159
2810
1706
3207
3519
4066
4750
4812
2821
1315
7317
5678
2102
8721
5722
5903
6590
7414
5739
7088
3473
478
7725
868
3741
4875
3086
6533
7739
6512
1718
5586
6739
7010
1694
4913
8807
4307
8469
4518
320
8664
6781
3139
8396
1349
2355
5520
2634
8788
5041
7234
1603
2563
8606
3460
3495
2737
792
3352
8805
3484
3030
1858
5019
55
6543
1910
2588
790
5037
3698
8109
3417
6546
8327
3186
2555
969
4467
720
4563
4446
2025
7722
6353
7832
3910
5146
4055
6510
3249
5963
5889
315
6487
4252
2048
6063
3140
3477
130
4200
6432
4349
692
105
2007
2133
3760
4876
6848
4492
3083
3728
5145
1832
4006
7693
7700
3936
1412
7466
2761
4489
3512
663
6700
1051
487
7155
7161
1820
6272
3601
5952
1127
4497
3638
7217
1617
1648
5291
5762
1223
8028
1461
1469
3550
7444
926
241
8535
879
199
3852
5976
7044
521
3970
2907
4867
4967
373
8977
5282
6694
5705
3525
8344
4890
5043
248
4273
4789
4661
612
549
823
8556
466
8251
1710
3303
6891
7053
1590
1348
3660
5853
8735
8668
3940
8644
3719
8878
2408
2584
4944
8891
8352
6777
1542
4383
2875
5895
5273
6163
2738
8329
7524
2443
6149
2680
6040
1913
828
7306
7590
3386
4262
1961
4325
5107
8897
2081
7776
1436
2439
8377
2386
8623
6449
2651
7663
4813
5645
824
3655
4024
4569
1156
1975
1378
3330
5104
1068
274
1884
6710
4610
5867
3126
3225
1318
3304
4221
2653
7222
8749
249
4921
8709
8488
5579
6922
934
614
6492
433
1526
3779
4882
2627
8870
8770
4271
4845
7567
1862
8791
6080
6267
7622
1991
1336
98
275
8630
889
2032
6741
1180
5843
4160
7298
5090
6650
3857
6186
3662
7905
2743
302
5093
5258
312
8212
1109
4391
5345
3127
5475
4898
2436
7271
8471
7778
2988
4187
6119
7422
1193
4315
3609
603
2953
2802
8097
7004
3758
7576
6895
5119
561
4733
1825
1018
4124
2865
4280
490
4084
6704
4232
146
4992
6406
5448
2026
8464
5013
3132
7416
8278
2863
4747
8940
74
6655
5712
1053
6928
6901
85
8400
947
755
5585
5523
7119
3627
5216
6490
8885
8196
7682
1017
7940
2885
2930
5697
2153
8764
5822
2950
5710
776
4686
4091
7815
4077
5400
6920
1887
4026
7918
8008
6142
8174
5818
1159
2497
2799
7152
8777
7525
8121
333
6527
5809
2129
4502
2213
7358
946
4848
6175
1292
876
7178
980
6062
8296
4553
6071
11
6095
3626
2864
1232
8188
2230
3666
7664
6491
1322
2756
4868
4000
2959
8218
5461
769
7487
7563
5054
2492
3548
1465
7263
4288
761
7548
8593
734
4203
6611
2993
8428
3714
6683
5681
3044
6501
7019
4829
2411
8571
5884
7707
8621
5548
3847
2940
4651
5149
4281
3534
1751
587
2123
3667
2074
4879
2872
2211
4411
2978
765
5835
3849
2717
3605
6519
7025
3801
8122
206
4586
4189
8298
2333
7435
3865
3565
2442
6714
6770
7993
46
2028
2569
5298
3624
6310
7335
3229
6874
3297
4301
4976
203
6488
6948
936
7097
1416
637
8505
6036
4818
2062
2463
8907
8972
5184
8249
6124
999
2481
7746
4464
4859
8461
7361
5428
8951
7558
4965
7174
5700
748
8055
508
912
3321
3069
8802
616
212
15
6408
5717
4757
8045
1369
1360
1861
8927
7744
7106
3810
3816
2034
3448
5151
7838
8339
8591
8152
810
1295
8078
1266
6652
935
3113
8881
7601
2890
8032
2862
5077
8084
3514
1128
5590
6738
1963
1227
4399
2338
7655
4181
5549
2957
6732
172
5331
3008
494
3691
1631
1215
8646
8705
38
1717
2714
6079
2692
2764
6666
73
6211
6275
7197
3323
7587
3275
8479
8119
8933
23
6010
7142
8876
8533
4982
5851
7741
8059
7981
4768
7945
4266
6629
7745
5063
2091
7359
8717
1060
8105
2525
6562
730
8866
3250
8974
7381
6801
1008
601
1270
2488
7116
6620
3551
26
1893
5649
8687
3094
836
7969
5314
861
867
5479
4833
5893
2311
5182
898
6308
3292
3253
3285
2944
7520
5363
3488
2192
7654
3866
6872
8901
7140
8061
3481
5276
7470
1501
2709
5227
8508
5098
4021
4592
8318
1564
4146
1813
7269
3181
7239
8051
3374
854
1027
1937
7936
1646
2111
3444
217
7767
2515
7519
4598
5159
4061
2700
8673
3124
6858
8103
7229
5565
7631
5728
8614
5318
5582
6889
6090
352
5685
260
7312
4881
425
250
4826
7145
4256
8475
2768
1744
8945
7659
3715
2421
6803
8421
777
6919
4381
890
6721
207
5925
7827
1375
2173
6255
3518
258
3611
8773
821
1794
6833
2280
6214
1105
4336
8321
7438
6759
6439
8463
827
2374
4080
6503
4741
3883
7699
6067
2705
8843
7500
1902
2316
2591
1255
4926
5254
5211
8561
3989
8809
5207
4606
1293
6145
3105
365
7136
6411
5957
3709
2061
4175
8850
3586
3347
4161
2541
1607
8309
1146
2711
5532
4137
3880
3445
2512
1023
7536
909
344
2537
8525
1632
5616
749
6576
6139
8778
6807
2114
623
1860
3661
4199
8069
5601
2621
3792
3912
139
1580
7382
7122
6798
968
4069
6075
1094
7860
673
8405
8875
8404
2037
6402
8260
1054
5457
5628
8726
6247
300
3784
7098
2203
8070
293
2938
3896
3967
636
161
1908
3845
3981
178
4980
1929
198
8786
8231
5316
8301
5351
770
3387
8348
8659
1324
1087
4238
4589
357
5885
5279
1237
4109
3693
1970
2939
398
3391
728
3933
1490
7621
6849
6916
7674
5476
530
5397
5468
7245
6499
4748
5679
8335
2354
5178
1143
4202
4088
6691
8492
5651
3743
4319
1629
843
7132
750
6330
1999
1909
3658
4193
7851
244
2750
2328
1181
6830
3329
5800
6883
2900
2387
5421
516
6065
8734
6125
2998
265
6875
2911
801
2250
4449
8130
3442
806
1308
8860
1126
6452
5485
1100
6019
8412
4570
6317
619
7547
1940
1536
7400
3478
2414
1968
5416
1559
7802
1826
6154
8554
3463
8160
3521
3357
7052
2395
6952
5571
2403
2786
4675
2684
10
6659
1709
1989
2916
5108
6217
408
8050
2791
1393
6301
839
8179
1475
7684
2614
5972
8193
7534
7022
8331
6602
8567
8622
7102
7749
650
1753
149
3071
2132
3807
943
7532
5981
6851
7582
160
5079
6297
279
6161
5372
3208
1742
1778
5003
2251
8583
576
327
227
5299
110
3654
4265
4025
5788
6596
2728
4320
2122
8553
5593
693
5432
5937
93
5036
63
1172
5347
2101
3538
6540
7021
4721
6008
6376
4572
5018
5237
3918
52
1550
7031
3923
4312
7141
4847
2589
5087
6435
3040
1969
7529
7727
8821
4145
7926
5017
4436
7626
8637
4621
2017
7702
6099
1112
3535
887
3841
4561
255
8678
6706
7826
4355
3319
3540
6504
3818
7921
3459
8544
2282
645
2144
6558
5186
6101
2646
4476
6812
4511
6477
5114
3684
7575
3891
2968
7994
3361
8889
6507
2860
5821
7927
7186
4665
2595
1882
2402
2057
2582
2100
3099
7787
3036
2478
1741
5877
4155
504
7712
7308
1966
4310
2148
1728
4403
4095
4311
2124
3950
3789
2140
5515
735
6299
3705
2046
957
154
6455
6405
3812
3454
7432
342
4933
1639
4278
1047
6132
6722
4056
7691
4167
4821
8715
8629
6639
5553
7252
2952
8923
8925
2558
141
4279
1443
224
6734
8214
3496
7468
2383
2397
7949
7964
4048
2698
7599
8589
1252
4910
8684
2429
7412
7249
3171
5611
3467
1153
8888
6421
187
1355
3516
131
3164
3764
3375
4706
3206
4236
7035
3112
2610
3644
4935
5027
5991
2776
8939
1420
7126
1454
4053
7091
101
2977
4712
2013
4828
976
8039
7687
7510
2500
4141
1011
7167
5500
4197
903
5557
4400
3771
6753
420
6541
1391
3311
6104
2568
3465
8572
3295
4844
762
5442
6453
6246
6943
8346
8247
5249
2532
16
5200
7985
385
2789
3706
4537
3425
6649
6705
6610
2618
5007
3367
3504
5621
4035
1186
7999
7075
7012
5038
3738
6209
2201
2006
6873
2290
933
40
7983
4947
4782
3962
3432
4065
7250
2005
6939
4531
798
5764
815
4263
1368
4966
6980
1894
7426
857
6070
8333
7539
5349
7473
6285
8261
4159
6502
6940
1138
4286
6447
6574
2935
577
8828
6772
8976
3087
6218
2286
6877
6532
845
2498
5608
8292
4740
4632
4819
5502
6043
4329
7419
2666
1411
2099
3168
881
375
8912
8970
4370
7425
54
6712
8440
2161
4490
4184
8381
5008
738
679
2712
866
1552
2663
7603
6971
5382
5539
4590
8410
3211
2910
5577
7372
582
4043
2874
5228
8290
4700
2557
5105
8787
287
833
3745
3739
2697
3118
4755
6312
8076
5581
2586
5096
1612
4277
8775
3158
3145
5828
345
1500
3302
2943
8798
3366
1245
4201
6162
7797
5176
411
6473
6302
1563
723
4519
4557
6817
3617
5188
3932
5434
5772
3384
6311
2749
95
8686
7640
8847
1554
280
604
6182
7002
5909
8780
6034
4855
8585
2851
3608
1665
2015
134
8001
6078
4593
2196
7209
5819
6054
1740
4444
2814
2518
8187
8576
1434
253
7891
5967
5974
8486
306
3987
298
3778
1268
5272
572
1697
6410
6587
6601
476
328
6837
8991
5180
5260
8496
413
6481
8104
2645
6498
3177
159
8947
2521
1663
5132
1281
6750
4242
4766
1977
3873
3403
7774
4670
2517
2644
3104
4217
1808
4261
2859
1811
6716
6900
3122
8129
4695
2082
7316
781
8540
1037
2226
1096
3276
2660
7130
3360
7413
7531
5131
5006
1842
6006
4730
3724
4431
6637
8443
246
2877
1567
6957
7938
1139
2976
6529
6988
3663
1640
5420
564
6226
2110
318
6342
6126
3628
8794
7196
6369
1492
674
8557
1353
6966
5517
5089
3409
348
5560
8111
4493
563
7242
6860
5294
5153
7074
8351
1395
4110
7496
2599
7112
7867
3527
834
3029
1429
7775
6284
4362
4313
8034
7150
4983
1919
5511
4701
1006
1589
6646
8411
5642
609
4455
6745
944
2674
6697
1303
443
5067
6864
8378
7042
808
5760
7556
7210
7240
2191
838
5339
8822
8502
7354
7574
8018
6235
1177
3365
243
8266
7208
8766
1030
1657
8317
6118
24
8639
3830
583
4416
4680
3794
4016
7957
1205
3102
2611
3787
1403
4254
2913
4457
5467
6577
2806
2839
8737
3235
4866
7006
3825
7095
1409
1911
2372
640
594
8114
6822
2479
8611
3618
3576
4583
8153
4127
7188
2843
717
3553
4469
2945
7972
2718
5655
1274
6412
4804
5413
1426
4276
5470
8661
3306
2446
1796
2884
3239
6663
2052
1319
6361
3273
8504
2873
8253
4694
7424
242
1256
5030
7835
5910
5362
6840
3867
8568
4287
211
2243
4724
5280
1972
4922
1507
5004
4791
8456
7516
8116
7900
8669
6524
3265
8605
305
6257
8221
60
4293
871
6575
6748
2281
2480
4597
8774
752
8994
2745
57
7233
4103
4117
7987
8733
7238
4946
5522
180
618
3433
3058
7537
962
3977
3034
5866
6083
5358
2832
5694
1388
2496
5053
8090
5312
1983
4472
8918
2103
8100
2507
2295
5719
82
736
5059
5226
3755
5401
8124
7698
5902
5826
8380
3280
3736
8268
3397
3541
5794
2276
2929
2954
2827
271
5780
4928
3975
3725
386
2981
501
171
5871
1585
7060
6181
6179
6002
3246
8125
7628
3931
3625
3846
4556
8146
43
513
3581
6358
2516
1920
129
1113
447
4028
8016
916
4005
6882
6654
7668
5052
2413
672
8354
4770
5676
2495
1900
5221
7333
6150
6319
5841
3897
1927
1821
966
2184
3577
5194
5191
3327
186
6394
2200
6046
491
8694
266
1669
6207
3770
822
1422
8043
3479
4074
5386
368
6389
6942
3483
7944
7694
5927
8841
7341
5364
44
2038
1636
989
7503
5218
1779
8037
6360
2138
8627
1160
4195
371
5591
5696
6728
4027
7430
6304
8877
2808
2150
3574
5693
2797
1926
929
5404
4247
7273
3277
7887
2087
2216
4692
2070
5488
8394
8856
1613
4997
3232
6167
1877
1137
1155
5837
8620
3838
1179
1442
2146
3119
1939
5137
6970
6381
2980
8406
4596
872
2725
4656
3274
5042
8751
2964
599
1513
1445
2489
7083
3081
525
6115
1720
2721
4067
8067
1628
763
465
4808
4479
4494
1111
8149
8025
6918
3136
3109
1627
8989
1019
8102
5742
1681
8030
8789
6813
5251
6592
2781
6866
7912
6638
6027
1713
1581
5418
8521
4797
7560
522
8825
4995
5346
3405
6782
4702
7855
5899
3234
5196
6305
4682
4950
3318
4023
6039
8181
7477
5438
7773
4869
8156
8420
5412
4565
4780
3921
6464
1610
5919
4440
1570
3780
4567
1834
7391
1593
5840
1344
3672
3979
124
2536
4585
6307
5847
5774
3657
4345
5120
2368
6160
5050
1066
6947
6333
8494
4577
6345
5103
3844
1346
92
5534
3331
7247
5945
3469
7374
2382
8185
2335
3033
5469
7484
6243
6586
6287
6930
8785
4811
6497
6717
6932
3307
3245
3427
1692
358
6993
2350
8431
309
2092
3152
6059
611
8239
2975
5198
5040
71
4001
2856
2829
5210
5637
5810
6912
3722
7474
2590
5495
8706
3922
5504
4815
5842
7280
1025
7850
2366
2969
4908
8244
4
5738
7399
3461
850
7907
7215
1534
4816
1546
6461
4824
2529
4172
5595
1399
436
297
7005
2197
638
2030
2550
7568
5734
1148
8767
3026
3815
2348
2932
2464
844
5993
1135
5197
8999
6791
7133
6688
5806
6298
4720
1987
7592
8975
5447
7212
21
6263
1520
1622
6485
4458
8700
3401
1769
1147
7583
2325
4641
6424
2747
8157
2392
6466
5524
4693
8422
8753
3943
6902
4275
1827
4100
2120
7402
1009
1571
928
1611
678
5288
1772
8408
7679
4092
6274
905
6585
7378
548
5667
7313
1120
3443
6795
430
2842
5671
7840
4872
5684
8906
7049
3257
4378
8493
4454
3244
5606
642
6853
6020
4726
3928
2850
8340
2603
7406
8236
3007
6391
4699
8364
8083
5799
4678
2379
8139
3761
731
8643
7554
813
7788
3012
3906
2405
1723
1425
6024
3389
145
5290
4039
6661
3332
5269
8465
4687
7611
5179
6456
7409
2228
771
3899
5879
1201
4364
5941
644
3968
4240
4426
2755
4771
7521
3633
6862
4063
301
8855
8379
6640
8314
7070
7553
8483
4949
2528
4660
7454
6752
4679
6315
8783
3368
914
8155
837
5985
7478
3400
7807
6476
7874
930
97
1655
1458
6227
7992
7540
3217
8361
3025
8924
5721
6758
4498
5690
4353
5484
7144
8655
4445
1471
2669
6351
4384
8293
5150
4752
6316
218
1136
1219
7054
2245
3532
3589
4622
3737
5452
5631
7286
1083
4540
4350
8538
8811
3261
2818
4481
6788
8711
2056
6232
6854
1711
7338
8323
4658
7800
3656
2469
515
5687
8683
6164
807
4649
1782
407
2283
4227
1572
6958
5778
8169
7407
5561
6651
458
8391
6563
8960
2566
5474
2043
6178
6309
7793
6329
668
3223
829
5062
865
7919
3558
8080
3746
6241
1642
1726
1783
5068
586
8830
8371
3642
6108
7709
7619
3567
1715
7254
8728
8190
8256
4544
4031
2079
7748
6018
2456
1408
6995
8968
4165
1707
3973
414
2312
655
1873
463
3769
2990
4920
1415
3162
2765
140
4323
5133
2650
1038
682
6418
3224
5219
2924
575
1604
7441
4612
8142
6695
4453
8117
4743
7528
7223
5175
7067
6571
567
5555
5405
2445
6196
7135
4871
5367
5462
1246
4338
4551
1150
3762
6268
1098
8466
8842
7214
1499
6545
5858
3840
6355
7948
5086
1870
5998
3218
356
6905
8154
5222
7467
4698
8291
2117
1312
3027
1504
4742
3272
2800
4045
1879
2116
932
2752
1762
8305
860
6398
2315
882
3505
3379
2029
4924
4450
8159
8269
899
1000
1683
6656
2253
3982
2083
3464
4136
6023
6950
5231
6530
6494
269
7319
1635
7577
1413
1275
5202
2360
7497
457
1651
6113
4424
5718
2628
8208
2941
5900
978
480
722
3205
8480
7296
7392
181
6774
8023
5677
3530
4778
5913
5263
387
2837
2622
1897
2273
4068
7428
5803
1903
8060
2926
1253
3622
2236
1242
7978
3704
1533
3870
6170
6793
3580
5567
6224
3346
8826
6427
1417
3260
4602
8507
4562
1716
1183
4899
5032
4839
5946
1605
1849
994
2352
3251
7841
3182
2562
5832
1573
1340
7768
880
7387
8036
2949
4051
2854
5509
4304
1898
6254
8967
5445
7858
1264
537
8913
3264
2126
4013
5444
34
4072
3161
578
6468
2552
8662
6153
4106
2713
5051
2297
3231
2625
4851
201
3964
6148
7277
3497
3435
7448
3156
608
1129
7187
5505
1684
7627
2152
7264
8578
8288
7355
8150
2076
2224
7449
992
5793
4251
2466
7671
8819
5969
8472
1846
5458
931
6223
7544
170
3934
8882
6378
8416
2670
5653
5709
6347
5451
2205
6141
2587
7763
6422
7947
3155
977
6005
1577
8836
7875
2314
7614
1743
7421
1524
1574
3498
8690
8449
4019
5057
7696
8248
4625
2377
4139
773
120
6147
7634
2142
2324
7291
8284
3337
7151
6370
6720
4835
3926
2616
2240
1254
8395
2846
1736
6318
2085
7206
1912
6733
2194
2342
4746
5641
595
4316
3683
2889
3517
4503
3836
5455
7871
3559
51
8368
3681
2054
1532
7275
6544
779
3650
1307
6052
2921
4620
4905
3675
7607
4568
5308
1354
5449
1334
5456
4735
1845
1789
6151
35
2519
8959
8597
6508
5352
5307
6096
6749
2917
417
2661
3068
6824
5960
7255
2422
1944
6140
3713
208
1144
6290
437
2898
4011
1316
8738
7704
4765
4071
1765
1459
6112
3045
5060
1234
7131
904
5000
1817
8931
6458
1675
1258
3024
1428
3652
8243
6969
7950
539
6205
1002
4249
2901
7460
699
2710
1262
5385
1764
3376
7350
4284
8203
960
4371
3429
2176
1078
8066
4331
428
1074
4037
6042
3927
5440
7499
715
1361
809
6098
3369
1476
251
2064
4482
7170
697
4943
2696
2242
31
714
4255
4009
3115
6836
3903
3523
5102
2655
6092
1854
4627
3756
2640
1489
3823
256
7897
8740
7046
7518
702
2460
2482
5241
7750
6797
5782
6730
5556
6564
3214
1251
2237
4500
8498
6433
7681
7028
7367
2770
6850
3351
1456
6511
2564
6471
706
9
4405
1059
4618
7984
1918
1491
8328
6193
1997
7476
3009
8495
7064
1202
1935
8215
7241
7288
6981
2259
7072
392
1190
1866
5124
6028
1380
5934
5980
1247
6106
295
8628
8147
4787
7498
3955
6662
8138
3913
6792
5598
3536
8372
8042
8574
3645
192
3262
4309
8282
5168
727
744
1986
4529
2428
5770
5624
1444
1598
2852
1498
2567
6088
6894
2022
1435
557
1901
4764
1337
8057
8692
3874
3065
4509
1440
4357
4214
210
8252
4302
4283
3364
3267
5220
7967
2326
8217
1891
6711
7535
8514
4213
7828
6670
8489
6528
6437
800
7975
4902
5570
2689
8539
2881
2212
8033
5359
4760
6322
665
1662
659
5512
5395
5214
2238
3434
4558
3159
8014
4852
1104
3402
796
291
3316
2385
3976
1432
8946
7420
5252
5366
8814
5675
8058
5011
4131
1382
6277
3948
3203
5508
8981
4415
8602
6621
363
1188
5204
8211
5377
4671
2234
661
1883
7198
7401
6951
277
8442
4996
45
2135
8481
5936
3032
6520
8136
3752
2533
1953
2437
6709
8297
4877
4604
4148
8524
2399
4613
7285
5507
5283
4916
7055
1837
6668
1686
6917
2606
523
7443
2077
4864
5949
8439
6425
1211
1140
6715
6689
1816
6417
7260
5935
2260
8755
6843
7924
1173
2024
6997
2248
6086
4751
2974
6525
8141
8732
1847
2643
8258
2067
6450
7929
5354
5471
7082
7660
5890
4393
6213
8884
5713
3740
7665
1158
4152
1522
8955
1967
3334
4838
2947
394
3072
971
6756
3925
6174
5536
12
6206
1804
1793
6699
5322
3236
1040
8899
5863
8803
5798
6400
8281
2118
4108
8725
2769
1213
7690
4380
2458
841
3422
4803
3185
5730
543
7886
4863
1693
7737
6787
8584
8467
2380
2511
7377
2356
2539
5747
6513
1680
7364
6013
8363
6156
5554
27
3426
72
2448
3404
8195
5125
4190
3502
4858
3129
3255
1599
3447
5537
7713
7667
4822
8370
3091
3199
4428
3944
7803
2617
1814
3394
3462
391
7429
6615
5854
4781
5139
6708
753
1626
1363
6898
835
3623
3616
7595
4447
1958
4923
1460
1076
4491
5632
8303
4643
6016
3749
3320
5047
7806
419
6326
1835
7890
4837
7030
7149
8782
1338
6372
155
5338
6388
1652
5122
1042
147
5172
3237
8890
6222
6664
3204
7357
2908
6778
343
8765
2694
3703
4047
118
4030
3902
8418
972
5864
7962
5872
7795
2104
4305
5873
8861
917
5634
2303
7289
4408
3450
542
1514
7147
3188
1326
1209
3014
7789
3533
6953
8792
1483
1381
4395
3612
1284
1261
1757
2676
1732
5670
7731
5121
1888
8319
1771
1447
6755
8759
691
3166
136
2979
3568
8810
6944
323
3839
8182
8015
200
3336
7045
4154
6004
3888
2887
5726
4346
7895
1081
7128
5020
471
5209
1394
7164
2962
732
4228
3988
1309
372
5162
3446
5048
545
6588
3507
8677
1543
5617
802
7302
5625
8277
1620
1931
3855
8325
438
5575
5947
2899
8497
7623
8263
780
7143
2199
877
7199
4448
3123
2418
8743
565
7715
3333
4887
2897
4524
1996
8817
8143
2209
1192
5672
6403
5714
869
5566
7814
5756
2561
2225
5648
1614
7892
7434
3734
7589
500
1342
5375
6780
2905
4328
7821
1286
3879
3637
3324
7526
4394
1119
1343
5643
6136
5091
6128
6539
5402
6460
4111
1044
7094
8566
1672
7615
3107
3575
1886
6779
3598
4830
3111
5115
5284
1823
3013
536
1733
6946
8528
5267
6409
4961
7220
2549
1576
39
8747
5964
2193
4433
3711
8956
7998
8930
1438
4365
4738
4480
5116
202
6859
8172
5526
8135
205
7882
3309
2462
0
3023
7411
2811
2143
2722
4143
8366
6903
3241
1199
1871
7032
820
8170
7629
2857
4158
7513
8386
585
8017
7865
982
3790
701
1508
7935
8957
7724
5381
7259
8595
6959
3887
4040
6404
2301
1768
2880
8919
1236
1746
278
395
5392
6557
4587
2937
4267
4186
7195
7720
5357
8095
330
5767
5958
5487
1384
625
2406
8537
6645
2461
4119
6238
8241
6964
7635
654
3676
2514
193
2019
3392
7512
7742
6648
42
8582
3996
8012
3585
7120
4547
7078
3941
3908
1073
3452
8760
8131
1985
5543
2790
8280
5024
3070
2044
2172
150
581
1748
464
6050
4388
3193
7057
4718
892
3383
8234
6102
2223
4523
3995
2730
5315
3850
901
3279
7878
7137
7085
4605
47
772
1734
4351
5277
3571
2483
3151
5986
1304
5490
1653
3411
6538
5411
4064
3135
3268
787
6357
2522
1407
4779
4664
3829
2553
6423
2353
4999
768
4550
5408
8347
7909
6283
8041
7370
153
7813
4970
7105
965
7084
3805
5708
2177
8844
3809
1703
1777
8815
5607
7819
1204
7058
5856
7459
3503
1004
2180
2292
5514
6199
7652
1400
3969
8852
8226
8873
7305
7784
3325
236
7134
5614
4470
3308
8134
2063
169
7857
2760
6356
7158
2727
2080
4896
6831
2573
4929
4683
5771
8161
6489
1036
2027
366
2973
1523
5142
439
8112
257
4785
3595
4681
8902
2991
6076
2602
3509
5984
526
1965
4846
2510
5580
152
6434
5422
1290
1812
4894
2341
7658
1069
6362
7692
2159
1162
3824
8162
8294
2285
2922
5812
8434
3408
7616
8448
5388
7114
1230
8580
1376
4008
7262
4375
925
6773
1371
8342
5931
6313
8220
5636
5795
2165
5360
5546
3584
2951
1933
4274
2393
3011
8500
64
7959
2432
805
7248
6066
8712
369
4634
6572
1844
7877
1619
1092
8487
6060
7156
4807
8833
8594
8592
2774
2134
355
3690
7471
961
5350
5306
1197
4116
3763
8685
7777
8610
37
4218
6687
3213
6945
2214
6264
1106
3021
7618
5348
5494
7303
6373
76
8676
5365
3907
7808
4773
7982
3038
4938
4437
3564
1591
6852
4471
3066
2835
4360
4372
8922
7356
349
5965
1043
7272
2834
7504
4731
1853
6493
6896
8382
995
157
3965
5962
669
6560
4559
7320
579
2322
7463
81
2244
1191
6820
6339
3176
6674
7848
3999
8229
473
4688
114
4004
3216
3353
2983
6641
7300
2305
4795
5233
5808
627
1145
5874
4059
5329
1856
8204
7769
1029
7908
1222
5094
3929
3526
3646
2277
7759
3298
632
6328
3406
4356
3382
6582
7502
1341
2262
5757
7390
4099
6120
6608
6979
8310
7760
782
6821
2554
5768
6430
5574
233
5187
5313
5613
6783
4576
1276
7373
4609
2504
803
3720
4032
3775
8893
8768
2208
1423
3179
3226
5930
5304
8360
3022
4164
2931
5533
2794
5164
6805
2113
245
6915
745
6523
7008
106
1168
8649
7287
5225
3317
556
254
4939
6808
8509
4112
7954
2720
630
4209
1366
1786
1874
6743
7991
4957
2642
783
6380
3985
2896
7386
2004
8707
825
2583
2396
4932
2828
2457
1016
5775
7344
5830
3437
284
8863
2358
7282
41
7617
6168
6796
427
8771
7716
2543
7646
299
8744
2868
3835
2701
4798
1406
2594
2686
1788
5844
5300
2270
3621
1984
4880
7649
4222
5427
7901
5776
4801
3959
8183
8941
704
3539
282
7756
3399
4963
7780
907
7482
1056
3560
7625
5460
2767
2357
7888
138
3748
4897
7974
3028
1857
5424
3803
849
4226
1666
4775
8274
5436
4831
5009
5701
2695
8099
2476
3742
3125
3137
7644
6215
2051
1547
8315
8414
956
8094
684
4761
1046
8308
7863
8518
3635
7328
2570
8936
3692
3096
8958
3060
8708
8029
1955
1170
6552
7339
3963
3596
3097
1085
5242
6936
4607
4012
225
4299
8202
5942
1685
393
8447
2467
2635
5169
5478
483
4406
5834
3338
7290
4891
6635
3215
7450
3718
4270
5983
711
3668
3143
8047
288
1449
3393
5901
7365
8781
7527
5161
1405
739
6280
4507
4170
5811
1959
5503
1988
4584
6166
8110
262
5790
5791
2167
3031
6841
8322
2009
1810
3116
3349
5518
2320
221
7034
296
8997
6234
4546
6933
8
1198
488
7764
2682
3766
1161
2967
7989
1212
2174
5715
8696
8343
633
1488
448
7127
7224
6271
3482
6811
6614
175
3472
2473
5084
7543
4654
5926
8851
7976
1217
5612
4709
7353
2581
3103
6584
5143
6899
1506
8470
1065
8586
4339
1759
4314
5731
6992
759
5695
1775
5335
5562
20
4169
1634
5370
2524
1785
4722
3063
2011
7726
3793
7016
5605
7862
1601
546
4224
7883
5521
6677
938
5817
8425
1333
2526
950
3201
3061
7799
696
3773
2410
4285
6881
6672
2420
5076
400
36
8952
7594
8739
574
3833
1497
3169
8453
5551
3146
5921
5144
842
2638
1271
8701
5623
2207
7211
83
4468
2534
5275
4410
5141
406
4538
403
8206
8636
1010
7873
6618
3474
2508
2987
1956
605
2836
389
687
3524
1805
1993
685
3041
2706
6984
870
5792
4886
4919
8098
6823
3410
7446
7559
3871
2221
3228
6203
1946
2798
3983
2736
774
3088
3716
4786
7129
276
3572
5658
670
1311
8838
2033
2472
2845
2455
1026
7861
7431
7003
7816
6567
1364
6536
5786
2425
5939
3694
492
8857
2970
6986
2893
3077
7169
1404
7086
3686
6121
103
7755
4888
7523
3287
1039
6631
3486
8068
3747
5065
5391
8166
5498
184
5101
1679
2308
5250
5407
1949
5531
6786
6537
6479
1110
7375
4927
2683
8403
2744
1374
1701
7541
2306
3938
8816
263
628
3430
2739
2318
4196
8797
156
1297
8910
2963
5668
3785
7638
6555
2267
8746
8917
6591
1121
858
404
6249
6081
686
8653
1005
8675
7831
648
4793
3092
6619
7711
1451
7501
8562
5816
3689
7452
8107
6998
7647
3682
8609
2604
795
8454
8436
4802
4451
2186
5111
2547
6570
6334
2045
5729
111
6250
8091
5376
3017
8894
4177
4435
2105
1206
6282
1892
8938
5938
2961
5920
5689
4234
6746
3468
2659
2284
5765
6407
8575
8437
2012
6295
5029
5160
6845
3702
4340
2490
113
846
7955
2942
6603
142
415
5924
3615
1556
981
5493
566
2751
5297
2667
533
2131
8271
2681
4260
5361
1339
194
5878
451
7608
6827
8911
2323
7593
104
8604
7801
5147
3254
7836
1867
7201
5481
1797
2300
361
7410
8275
5072
5463
8619
6375
4650
7230
162
7153
2249
1584
1938
1210
1414
3522
6032
5235
688
8096
1923
7232
7200
8490
5066
267
7115
7453
7068
6554
3639
664
4623
336
5078
1269
7258
817
3679
6893
8311
317
1075
2731
8393
3876
8389
5513
615
2817
7183
4985
6702
6907
5099
1358
4564
7347
4841
5914
5166
6719
5650
5234
1755
634
8151
505
5755
4174
8390
6667
6352
4430
3958
1294
2098
3916
5264
8900
8338
4575
1484
6053
4959
4257
2468
7325
8065
6237
6201
1064
3557
775
1314
2331
4204
2746
4514
3238
6684
2073
2735
3499
6826
8235
4788
2948
5073
2287
8358
1982
3471
2304
8228
7550
8113
6321
2928
6904
3796
137
5691
5109
7794
2641
6474
7721
3659
4993
1418
2182
613
4631
8874
7228
8670
1235
8272
791
3114
6129
3791
7455
5097
1864
4239
6819
2639
2430
1934
7656
7048
5080
495
6055
2235
5861
4114
281
1278
558
657
2813
5692
1370
4691
331
3134
4958
482
7956
8682
6459
75
378
7925
2636
4975
8529
2891
5496
3039
3643
7014
8849
4716
7033
4396
4151
4134
6475
7566
4317
6871
784
7059
8720
5255
1088
6972
1189
3283
5750
2502
1638
1218
8983
4272
677
6286
5274
6982
5229
3476
6270
6954
2763
988
2147
8184
313
6012
7352
3562
6963
1905
3814
855
2291
5482
5839
6701
911
8401
347
8049
5212
467
1107
5049
1714
7597
7330
2465
475
3420
8880
8216
3190
4614
7379
8399
1401
6622
7274
3554
6216
5796
499
1687
5192
6395
3418
8004
7514
7661
4739
1241
698
6505
7207
5324
4361
6987
4925
1124
4952
7653
1048
1466
2546
2390
4377
7219
8022
6320
3301
3607
144
2401
7517
2156
2337
3220
4941
7951
8872
3449
8835
4332
5171
1795
5268
2565
8896
4211
4128
173
19
5071
5785
4229
5609
4874
1473
8409
6176
2734
2198
1225
151
4673
8262
6908
65
3281
2065
6760
1519
2241
5519
1131
8334
2321
7572
7818
7641
8132
4090
4085
1787
6173
8741
4369
1583
6707
597
2994
4176
3513
6955
3174
8779
8145
7612
2485
7669
5815
830
8632
6673
1291
2185
2008
1050
88
3183
8222
8438
8082
1588
6693
196
8988
7089
2175
4235
6863
4697
1824
445
8062
4376
2151
270
8702
8115
5387
8625
7600
1928
7461
1431
3688
5897
5069
5437
2753
2785
3631
8635
7792
973
7040
5305
8895
418
2453
1007
472
5578
2960
4960
5309
5414
8834
7065
1072
1829
4666
4754
5829
531
7931
2218
1668
5368
8451
1914
17
4212
8402
3440
7011
8667
7770
3890
4419
3414
4387
2609
1516
7360
8201
5443
1916
8476
5646
4478
5100
8731
2631
7677
1386
3148
7933
1463
4962
4539
900
6303
1925
5618
7099
8935
3233
589
5230
5203
3750
760
2227
1531
2222
1688
3004
4527
8056
4138
4522
1171
6814
3699
8758
573
8257
3289
5654
4640
7844
6867
913
4578
2984
8237
234
3606
2112
7580
819
5777
8180
2707
6595
7491
4930
7281
2219
4098
1560
8287
1410
1624
5031
4253
902
1517
3396
7578
2615
2690
503
6496
6397
7380
1582
2036
3098
5954
2040
7899
5550
2162
6276
1941
2000
4912
725
5886
5805
3300
5538
5619
8387
1195
4149
5703
952
4094
4420
3133
5213
3328
3820
2339
4942
5727
4385
1677
2754
1480
7256
2545
6157
2540
7118
6130
5409
4459
13
3312
1930
3002
6058
1478
2431
5665
3555
3100
3170
6965
3542
56
3561
8867
885
7405
1644
3219
8722
5583
559
7732
18
2096
1390
517
3128
4973
4901
6367
8513
377
6869
1791
53
8763
8365
5896
6133
7648
2598
2985
4677
3436
4461
410
4081
127
7489
1960
6549
7056
5152
8140
84
3547
6364
4711
479
7757
3243
7104
5753
8415
4972
1474
1330
8005
7545
6105
541
8299
5281
6265
4608
1551
4303
4549
2477
7311
5573
4827
3263
588
1539
7111
5865
2195
4599
5663
8279
2424
7117
4246
1398
4215
1637
3106
1329
1750
4347
2220
5997
8362
8992
4082
5932
3856
2371
496
4359
2576
3953
5999
4619
1049
8086
168
7605
8367
5559
3937
1974
6767
6676
5394
2571
1282
1702
5733
485
8813
4532
272
5177
3048
1527
7168
7714
8473
8455
6251
1737
8081
3904
1868
6137
4581
3001
6171
2920
3613
3597
4034
510
6155
5846
8286
7894
6991
497
908
4956
8944
2423
4392
2783
6868
2263
8213
5988
3695
6609
7445
454
3858
1848
2605
7343
4990
8009
7837
705
5898
8688
2658
1597
1569
6416
1749
2188
2332
3673
4772
5270
5005
3620
4374
724
8626
8520
7710
6269
2823
2876
8210
4953
8173
3506
7244
8756
5773
1305
8295
2093
4536
3610
2296
3
7146
3919
6799
2592
6245
1800
4727
2327
7348
1695
3348
8640
6999
6747
231
2831
3629
3457
7542
3966
8579
3821
4954
8650
1149
6810
5741
6195
7751
6976
2416
4125
4792
2551
8499
8898
7393
7442
8962
6678
2687
3590
6983
8388
6337
6087
5083
1852
6548
7701
8197
222
6413
7456
353
1830
4513
3889
1906
3084
2637
6794
1296
7101
1806
4566
3800
2840
3727
5699
6535
1872
3808
8980
1792
7216
7063
8369
2838
852
7666
676
2269
3489
3882
4060
5021
3256
5129
4832
8384
7
8313
6581
8837
3421
6021
2441
6518
486
2560
2307
6350
1313
6306
6293
786
2796
5966
4327
1021
7971
8648
6534
2597
4783
2364
7896
8225
2574
3339
4915
6384
2163
1163
4931
2419
3510
7604
7246
6924
3566
1540
2955
8485
2470
6566
397
6248
1086
125
4135
1164
3731
6253
7963
8804
5602
2444
4237
848
1895
6438
2833
6658
3753
5552
2535
4906
8432
7297
1331
2271
5875
8302
8993
2299
2204
4644
7029
5015
7685
1277
4417
6941
2394
5596
7007
340
5075
7830
8482
6072
743
1102
434
5510
